i   AlignChn ScoredChain  AlignResNum  AlignResType  AlignRespLDDT      n0chn  n0dom  n0res    d0chn     d0dom     d0res   ipTM_pae  ipSAE_d0chn ipSAE_d0dom    ipSAE 
1       A         B            1           SER           82.14           209    208      0     5.378     5.366     1.039     0.0668      0.0000      0.0000      0.0000
2       A         B            2           GLU           91.32           209    208    109     5.378     5.366     3.838     0.3466      0.3538      0.3528      0.2230
3       A         B            3           GLU           94.10           209    208    115     5.378     5.366     3.956     0.6129      0.6129      0.6118      0.4685
4       A         B            4           LYS           95.86           209    208    115     5.378     5.366     3.956     0.7460      0.7460      0.7451      0.6198
5       A         B            5           LYS           95.81           209    208    115     5.378     5.366     3.956     0.7810      0.7810      0.7803      0.6644
6       A         B            6           LYS           95.89           209    208    115     5.378     5.366     3.956     0.7919      0.7919      0.7912      0.6784
7       A         B            7           LEU           97.30           209    208    115     5.378     5.366     3.956     0.8330      0.8330      0.8324      0.7340
8       A         B            8           ALA           97.74           209    208    115     5.378     5.366     3.956     0.8507      0.8507      0.8502      0.7593
9       A         B            9           LEU           97.33           209    208    115     5.378     5.366     3.956     0.8527      0.8527      0.8522      0.7623
10      A         B           10           GLU           97.48           209    208    115     5.378     5.366     3.956     0.8414      0.8414      0.8408      0.7461
11      A         B           11           ALA           98.24           209    208    115     5.378     5.366     3.956     0.8685      0.8685      0.8680      0.7852
12      A         B           12           ALA           98.16           209    208    115     5.378     5.366     3.956     0.8629      0.8629      0.8624      0.7774
13      A         B           13           ALA           97.80           209    208    115     5.378     5.366     3.956     0.8455      0.8455      0.8449      0.7522
14      A         B           14           LYS           98.41           209    208    115     5.378     5.366     3.956     0.8664      0.8664      0.8659      0.7820
15      A         B           15           LEU           98.59           209    208    115     5.378     5.366     3.956     0.8821      0.8821      0.8816      0.8056
16      A         B           16           SER           98.23           209    208    115     5.378     5.366     3.956     0.8658      0.8658      0.8653      0.7817
17      A         B           17           GLN           97.99           209    208    115     5.378     5.366     3.956     0.8666      0.8666      0.8660      0.7823
18      A         B           18           ALA           98.16           209    208    115     5.378     5.366     3.956     0.8677      0.8677      0.8672      0.7843
19      A         B           19           MET           97.69           209    208    115     5.378     5.366     3.956     0.8422      0.8422      0.8416      0.7484
20      A         B           20           LYS           96.48           209    208    115     5.378     5.366     3.956     0.8236      0.8236      0.8229      0.7224
21      A         B           21           VAL           96.95           209    208    115     5.378     5.366     3.956     0.7974      0.7974      0.7967      0.6879
22      A         B           22           LEU           96.98           209    208    115     5.378     5.366     3.956     0.8225      0.8225      0.8219      0.7209
23      A         B           23           ALA           95.30           209    208    115     5.378     5.366     3.956     0.7304      0.7304      0.7296      0.6045
24      A         B           24           GLU           93.16           209    208    115     5.378     5.366     3.956     0.5722      0.5722      0.5711      0.4324
25      A         B           25           LYS           89.46           209    208    103     5.378     5.366     3.715     0.3875      0.4082      0.4072      0.2583
26      A         B           26           ARG           85.60           209    208     76     5.378     5.366     3.081     0.3000      0.3593      0.3583      0.1623
27      A         B           27           ASP           88.75           209    208     70     5.378     5.366     2.916     0.2809      0.3466      0.3456      0.1399
28      A         B           28           ASP           93.38           209    208    103     5.378     5.366     3.715     0.3647      0.3826      0.3816      0.2344
29      A         B           29           VAL           94.28           209    208    115     5.378     5.366     3.956     0.5069      0.5069      0.5058      0.3654
30      A         B           30           LYS           94.35           209    208    115     5.378     5.366     3.956     0.5017      0.5017      0.5006      0.3603
31      A         B           31           ALA           95.35           209    208    115     5.378     5.366     3.956     0.6043      0.6043      0.6032      0.4619
32      A         B           32           ALA           96.32           209    208    115     5.378     5.366     3.956     0.6828      0.6828      0.6819      0.5465
33      A         B           33           ALA           96.72           209    208    115     5.378     5.366     3.956     0.7235      0.7235      0.7226      0.5936
34      A         B           34           GLU           96.85           209    208    115     5.378     5.366     3.956     0.6957      0.6957      0.6948      0.5611
35      A         B           35           GLU           97.31           209    208    115     5.378     5.366     3.956     0.7832      0.7832      0.7825      0.6673
36      A         B           36           ALA           97.71           209    208    115     5.378     5.366     3.956     0.7968      0.7968      0.7960      0.6852
37      A         B           37           VAL           97.97           209    208    115     5.378     5.366     3.956     0.8009      0.8009      0.8002      0.6905
38      A         B           38           LYS           98.12           209    208    115     5.378     5.366     3.956     0.7824      0.7824      0.7816      0.6665
39      A         B           39           LEU           98.25           209    208    115     5.378     5.366     3.956     0.8446      0.8446      0.8441      0.7502
40      A         B           40           MET           98.36           209    208    115     5.378     5.366     3.956     0.8337      0.8337      0.8330      0.7348
41      A         B           41           LYS           98.31           209    208    115     5.378     5.366     3.956     0.8231      0.8231      0.8224      0.7198
42      A         B           42           GLU           98.34           209    208    115     5.378     5.366     3.956     0.8162      0.8162      0.8155      0.7105
43      A         B           43           ALA           98.58           209    208    115     5.378     5.366     3.956     0.8314      0.8314      0.8307      0.7316
44      A         B           44           ALA           98.18           209    208    115     5.378     5.366     3.956     0.8066      0.8066      0.8059      0.6975
45      A         B           45           LYS           98.12           209    208    115     5.378     5.366     3.956     0.7664      0.7664      0.7656      0.6451
46      A         B           46           LEU           97.95           209    208    115     5.378     5.366     3.956     0.8115      0.8115      0.8108      0.7035
47      A         B           47           ALA           97.77           209    208    115     5.378     5.366     3.956     0.7812      0.7812      0.7805      0.6635
48      A         B           48           ALA           97.30           209    208    115     5.378     5.366     3.956     0.7430      0.7430      0.7421      0.6157
49      A         B           49           LYS           97.03           209    208    115     5.378     5.366     3.956     0.7065      0.7065      0.7056      0.5708
50      A         B           50           ALA           94.91           209    208    115     5.378     5.366     3.956     0.6292      0.6292      0.6282      0.4836
51      A         B           51           ASP           95.01           209    208    115     5.378     5.366     3.956     0.5760      0.5760      0.5749      0.4282
52      A         B           52           GLU           96.00           209    208    115     5.378     5.366     3.956     0.5937      0.5937      0.5926      0.4465
53      A         B           53           GLU           95.46           209    208    115     5.378     5.366     3.956     0.6548      0.6548      0.6538      0.5132
54      A         B           54           LEU           96.99           209    208    115     5.378     5.366     3.956     0.7528      0.7528      0.7520      0.6267
55      A         B           55           LYS           97.42           209    208    115     5.378     5.366     3.956     0.7583      0.7583      0.7575      0.6341
56      A         B           56           LYS           97.53           209    208    115     5.378     5.366     3.956     0.7192      0.7192      0.7183      0.5861
57      A         B           57           LYS           97.33           209    208    115     5.378     5.366     3.956     0.7669      0.7669      0.7661      0.6450
58      A         B           58           VAL           98.16           209    208    115     5.378     5.366     3.956     0.8106      0.8106      0.8099      0.7028
59      A         B           59           GLU           98.23           209    208    115     5.378     5.366     3.956     0.7913      0.7913      0.7905      0.6769
60      A         B           60           GLU           98.15           209    208    115     5.378     5.366     3.956     0.7640      0.7640      0.7632      0.6416
61      A         B           61           ALA           98.37           209    208    115     5.378     5.366     3.956     0.8069      0.8069      0.8062      0.6975
62      A         B           62           LEU           98.20           209    208    115     5.378     5.366     3.956     0.8002      0.8002      0.7995      0.6890
63      A         B           63           LYS           97.98           209    208    115     5.378     5.366     3.956     0.7593      0.7593      0.7585      0.6360
64      A         B           64           GLU           98.24           209    208    115     5.378     5.366     3.956     0.7889      0.7889      0.7882      0.6741
65      A         B           65           VAL           97.91           209    208    115     5.378     5.366     3.956     0.7975      0.7975      0.7967      0.6852
66      A         B           66           GLU           97.14           209    208    115     5.378     5.366     3.956     0.7611      0.7611      0.7603      0.6388
67      A         B           67           LYS           97.09           209    208    115     5.378     5.366     3.956     0.6645      0.6645      0.6636      0.5243
68      A         B           68           ASN           96.56           209    208    115     5.378     5.366     3.956     0.6717      0.6717      0.6707      0.5320
69      A         B           69           ARG           95.18           209    208    115     5.378     5.366     3.956     0.5357      0.5357      0.5347      0.3912
70      A         B           70           ASP           93.89           209    208    115     5.378     5.366     3.956     0.4672      0.4672      0.4661      0.3281
71      A         B           71           ASP           95.49           209    208    115     5.378     5.366     3.956     0.7066      0.7066      0.7057      0.5733
72      A         B           72           ALA           94.49           209    208    115     5.378     5.366     3.956     0.7415      0.7415      0.7407      0.6154
73      A         B           73           GLU           94.73           209    208    115     5.378     5.366     3.956     0.7580      0.7580      0.7572      0.6357
74      A         B           74           LYS           96.79           209    208    115     5.378     5.366     3.956     0.8069      0.8069      0.8062      0.6987
75      A         B           75           MET           97.33           209    208    115     5.378     5.366     3.956     0.8298      0.8298      0.8292      0.7304
76      A         B           76           MET           97.08           209    208    115     5.378     5.366     3.956     0.8345      0.8345      0.8339      0.7368
77      A         B           77           GLU           97.06           209    208    115     5.378     5.366     3.956     0.8337      0.8337      0.8331      0.7354
78      A         B           78           ILE           98.05           209    208    115     5.378     5.366     3.956     0.8643      0.8643      0.8638      0.7790
79      A         B           79           VAL           98.29           209    208    115     5.378     5.366     3.956     0.8708      0.8708      0.8703      0.7888
80      A         B           80           ALA           97.82           209    208    115     5.378     5.366     3.956     0.8667      0.8667      0.8662      0.7826
81      A         B           81           LYS           97.40           209    208    115     5.378     5.366     3.956     0.8595      0.8595      0.8589      0.7721
82      A         B           82           ALA           98.15           209    208    115     5.378     5.366     3.956     0.8766      0.8766      0.8761      0.7974
83      A         B           83           ILE           98.30           209    208    115     5.378     5.366     3.956     0.8952      0.8952      0.8948      0.8255
84      A         B           84           VAL           97.24           209    208    115     5.378     5.366     3.956     0.8763      0.8763      0.8758      0.7969
85      A         B           85           ASP           97.07           209    208    115     5.378     5.366     3.956     0.8726      0.8726      0.8721      0.7913
86      A         B           86           VAL           97.64           209    208    115     5.378     5.366     3.956     0.8767      0.8767      0.8762      0.7974
87      A         B           87           MET           96.68           209    208    115     5.378     5.366     3.956     0.8629      0.8629      0.8624      0.7771
88      A         B           88           LYS           96.10           209    208    115     5.378     5.366     3.956     0.8587      0.8587      0.8582      0.7709
89      A         B           89           TYR           96.05           209    208    115     5.378     5.366     3.956     0.8574      0.8574      0.8568      0.7686
90      A         B           90           ILE           95.93           209    208    115     5.378     5.366     3.956     0.8479      0.8479      0.8474      0.7550
91      A         B           91           SER           93.41           209    208    115     5.378     5.366     3.956     0.7797      0.7797      0.7789      0.6623
92      A         B           92           LYS           92.59           209    208    115     5.378     5.366     3.956     0.7513      0.7513      0.7505      0.6267
93      A         B           93           LEU           91.06           209    208    115     5.378     5.366     3.956     0.6568      0.6568      0.6558      0.5155
94      A         B           94           ASP           85.06           209    208     82     5.378     5.366     3.236     0.2991      0.3367      0.3357      0.1604
95      B         A            1           ASN           68.52           209    208      0     5.378     5.366     1.039     0.0611      0.0000      0.0000      0.0000
96      B         A            2           ALA           81.77           209    208      3     5.378     5.366     1.039     0.0960      0.2442      0.2433      0.0119
97      B         A            3           PHE           94.33           209    208     94     5.378     5.366     3.521     0.5850      0.5850      0.5840      0.3875
98      B         A            4           THR           97.05           209    208     94     5.378     5.366     3.521     0.7605      0.7605      0.7597      0.5840
99      B         A            5           VAL           98.13           209    208     94     5.378     5.366     3.521     0.8166      0.8166      0.8159      0.6612
100     B         A            6           THR           98.08           209    208     94     5.378     5.366     3.521     0.7825      0.7825      0.7817      0.6126
101     B         A            7           VAL           98.10           209    208     94     5.378     5.366     3.521     0.7493      0.7493      0.7485      0.5675
102     B         A            8           PRO           97.48           209    208     94     5.378     5.366     3.521     0.6742      0.6742      0.6732      0.4759
103     B         A            9           LYS           98.05           209    208     94     5.378     5.366     3.521     0.6065      0.6065      0.6054      0.4030
104     B         A           10           ASP           97.92           209    208     94     5.378     5.366     3.521     0.5974      0.5974      0.5963      0.3949
105     B         A           11           LEU           98.59           209    208     94     5.378     5.366     3.521     0.7332      0.7332      0.7323      0.5465
106     B         A           12           TYR           98.61           209    208     94     5.378     5.366     3.521     0.7814      0.7814      0.7806      0.6094
107     B         A           13           VAL           98.54           209    208     94     5.378     5.366     3.521     0.7301      0.7301      0.7292      0.5421
108     B         A           14           VAL           98.37           209    208     94     5.378     5.366     3.521     0.5616      0.5616      0.5605      0.3588
109     B         A           15           GLU           98.39           209    208     94     5.378     5.366     3.521     0.5533      0.5533      0.5522      0.3509
110     B         A           16           TYR           98.40           209    208     94     5.378     5.366     3.521     0.6410      0.6410      0.6400      0.4376
111     B         A           17           GLY           98.27           209    208     94     5.378     5.366     3.521     0.5540      0.5540      0.5529      0.3509
112     B         A           18           SER           98.02           209    208     94     5.378     5.366     3.521     0.5594      0.5594      0.5583      0.3556
113     B         A           19           ASN           98.02           209    208     94     5.378     5.366     3.521     0.6474      0.6474      0.6464      0.4450
114     B         A           20           MET           97.90           209    208     94     5.378     5.366     3.521     0.6162      0.6162      0.6151      0.4118
115     B         A           21           THR           98.49           209    208     94     5.378     5.366     3.521     0.7763      0.7763      0.7755      0.6024
116     B         A           22           ILE           98.43           209    208     94     5.378     5.366     3.521     0.7122      0.7122      0.7112      0.5198
117     B         A           23           GLU           98.13           209    208     94     5.378     5.366     3.521     0.6509      0.6509      0.6499      0.4507
118     B         A           24           CYS           97.27           209    208     94     5.378     5.366     3.521     0.5771      0.5771      0.5760      0.3764
119     B         A           25           LYS           98.40           209    208     94     5.378     5.366     3.521     0.7891      0.7891      0.7883      0.6208
120     B         A           26           PHE           98.38           209    208     94     5.378     5.366     3.521     0.8474      0.8474      0.8468      0.7078
121     B         A           27           PRO           97.08           209    208     94     5.378     5.366     3.521     0.7435      0.7435      0.7427      0.5601
122     B         A           28           VAL           94.91           209    208     94     5.378     5.366     3.521     0.5230      0.5230      0.5219      0.3273
123     B         A           29           GLU           86.89           209    208     26     5.378     5.366     1.039     0.2059      0.2923      0.2913      0.0157
124     B         A           30           LYS           82.78           209    208      4     5.378     5.366     1.039     0.1395      0.3015      0.3005      0.0161
125     B         A           31           GLN           92.69           209    208     86     5.378     5.366     3.335     0.3349      0.3471      0.3461      0.1749
126     B         A           32           LEU           95.67           209    208     94     5.378     5.366     3.521     0.7380      0.7380      0.7371      0.5549
127     B         A           33           ASP           95.46           209    208     94     5.378     5.366     3.521     0.8194      0.8194      0.8187      0.6660
128     B         A           34           LEU           96.41           209    208     94     5.378     5.366     3.521     0.8424      0.8424      0.8418      0.7012
129     B         A           35           ALA           95.26           209    208     94     5.378     5.366     3.521     0.8360      0.8360      0.8354      0.6921
130     B         A           36           ALA           96.41           209    208     94     5.378     5.366     3.521     0.8498      0.8498      0.8492      0.7134
131     B         A           37           LEU           97.91           209    208     94     5.378     5.366     3.521     0.8885      0.8885      0.8881      0.7772
132     B         A           38           ILE           98.50           209    208     94     5.378     5.366     3.521     0.8899      0.8899      0.8894      0.7796
133     B         A           39           VAL           98.49           209    208     94     5.378     5.366     3.521     0.8943      0.8943      0.8939      0.7870
134     B         A           40           TYR           98.34           209    208     94     5.378     5.366     3.521     0.8719      0.8719      0.8714      0.7487
135     B         A           41           TRP           98.59           209    208     94     5.378     5.366     3.521     0.8747      0.8747      0.8742      0.7529
136     B         A           42           GLU           97.89           209    208     94     5.378     5.366     3.521     0.7729      0.7729      0.7721      0.6003
137     B         A           43           MET           97.69           209    208     94     5.378     5.366     3.521     0.7040      0.7040      0.7031      0.5146
138     B         A           44           GLU           91.81           209    208     94     5.378     5.366     3.521     0.4712      0.4712      0.4702      0.2891
139     B         A           45           ASP           90.80           209    208     94     5.378     5.366     3.521     0.4723      0.4723      0.4712      0.2876
140     B         A           46           LYS           97.03           209    208     94     5.378     5.366     3.521     0.7017      0.7017      0.7007      0.5109
141     B         A           47           ASN           97.36           209    208     94     5.378     5.366     3.521     0.7871      0.7871      0.7864      0.6188
142     B         A           48           ILE           98.36           209    208     94     5.378     5.366     3.521     0.8376      0.8376      0.8370      0.6929
143     B         A           49           ILE           98.32           209    208     94     5.378     5.366     3.521     0.8428      0.8428      0.8422      0.7010
144     B         A           50           GLN           98.04           209    208     94     5.378     5.366     3.521     0.8642      0.8642      0.8636      0.7355
145     B         A           51           PHE           98.28           209    208     94     5.378     5.366     3.521     0.8730      0.8730      0.8725      0.7500
146     B         A           52           VAL           97.35           209    208     94     5.378     5.366     3.521     0.8070      0.8070      0.8063      0.6488
147     B         A           53           HIS           93.58           209    208     94     5.378     5.366     3.521     0.7287      0.7287      0.7278      0.5443
148     B         A           54           GLY           95.91           209    208     94     5.378     5.366     3.521     0.6972      0.6972      0.6963      0.5059
149     B         A           55           GLU           95.92           209    208     94     5.378     5.366     3.521     0.6964      0.6964      0.6955      0.5037
150     B         A           56           GLU           95.31           209    208     94     5.378     5.366     3.521     0.7119      0.7119      0.7110      0.5205
151     B         A           57           ASP           95.35           209    208     94     5.378     5.366     3.521     0.7198      0.7198      0.7189      0.5298
152     B         A           58           LEU           95.22           209    208     94     5.378     5.366     3.521     0.6902      0.6902      0.6892      0.4939
153     B         A           59           LYS           95.71           209    208     94     5.378     5.366     3.521     0.6775      0.6775      0.6765      0.4800
154     B         A           60           VAL           96.39           209    208     94     5.378     5.366     3.521     0.7161      0.7161      0.7152      0.5253
155     B         A           61           GLN           98.03           209    208     94     5.378     5.366     3.521     0.7991      0.7991      0.7984      0.6344
156     B         A           62           HIS           98.13           209    208     94     5.378     5.366     3.521     0.8050      0.8050      0.8043      0.6436
157     B         A           63           SER           97.79           209    208     94     5.378     5.366     3.521     0.7120      0.7120      0.7111      0.5208
158     B         A           64           SER           97.77           209    208     94     5.378     5.366     3.521     0.7184      0.7184      0.7175      0.5275
159     B         A           65           TYR           98.20           209    208     94     5.378     5.366     3.521     0.7709      0.7709      0.7701      0.5947
160     B         A           66           ARG           97.20           209    208     94     5.378     5.366     3.521     0.6183      0.6183      0.6173      0.4162
161     B         A           67           GLN           96.43           209    208     94     5.378     5.366     3.521     0.5418      0.5418      0.5407      0.3404
162     B         A           68           ARG           97.96           209    208     94     5.378     5.366     3.521     0.6678      0.6678      0.6669      0.4681
163     B         A           69           ALA           97.95           209    208     94     5.378     5.366     3.521     0.7364      0.7364      0.7355      0.5490
164     B         A           70           ARG           97.05           209    208     94     5.378     5.366     3.521     0.6696      0.6696      0.6686      0.4708
165     B         A           71           LEU           97.85           209    208     94     5.378     5.366     3.521     0.7857      0.7857      0.7849      0.6152
166     B         A           72           LEU           98.00           209    208     94     5.378     5.366     3.521     0.7867      0.7867      0.7860      0.6163
167     B         A           73           LYS           97.07           209    208     94     5.378     5.366     3.521     0.6876      0.6876      0.6866      0.4901
168     B         A           74           ASP           96.68           209    208     94     5.378     5.366     3.521     0.6173      0.6173      0.6162      0.4134
169     B         A           75           GLN           97.86           209    208     94     5.378     5.366     3.521     0.7857      0.7857      0.7850      0.6151
170     B         A           76           LEU           97.88           209    208     94     5.378     5.366     3.521     0.8085      0.8085      0.8078      0.6482
171     B         A           77           SER           97.08           209    208     94     5.378     5.366     3.521     0.7217      0.7217      0.7208      0.5321
172     B         A           78           LEU           97.22           209    208     94     5.378     5.366     3.521     0.7320      0.7320      0.7311      0.5438
173     B         A           79           GLY           97.99           209    208     94     5.378     5.366     3.521     0.7510      0.7510      0.7502      0.5685
174     B         A           80           ASN           98.51           209    208     94     5.378     5.366     3.521     0.8189      0.8189      0.8182      0.6631
175     B         A           81           ALA           98.60           209    208     94     5.378     5.366     3.521     0.8167      0.8167      0.8160      0.6601
176     B         A           82           ALA           98.63           209    208     94     5.378     5.366     3.521     0.8114      0.8114      0.8107      0.6521
177     B         A           83           LEU           98.66           209    208     94     5.378     5.366     3.521     0.8430      0.8430      0.8424      0.7006
178     B         A           84           GLN           98.56           209    208     94     5.378     5.366     3.521     0.7982      0.7982      0.7975      0.6331
179     B         A           85           ILE           98.64           209    208     94     5.378     5.366     3.521     0.7905      0.7905      0.7898      0.6218
180     B         A           86           THR           98.50           209    208     94     5.378     5.366     3.521     0.7070      0.7070      0.7061      0.5131
181     B         A           87           ASP           98.32           209    208     94     5.378     5.366     3.521     0.6493      0.6493      0.6483      0.4462
182     B         A           88           VAL           98.55           209    208     94     5.378     5.366     3.521     0.6960      0.6960      0.6951      0.4994
183     B         A           89           LYS           98.22           209    208     94     5.378     5.366     3.521     0.6560      0.6560      0.6549      0.4549
184     B         A           90           LEU           98.00           209    208     94     5.378     5.366     3.521     0.6611      0.6611      0.6601      0.4615
185     B         A           91           GLN           97.71           209    208     94     5.378     5.366     3.521     0.6651      0.6651      0.6641      0.4669
186     B         A           92           ASP           98.55           209    208     94     5.378     5.366     3.521     0.7731      0.7731      0.7723      0.5990
187     B         A           93           ALA           98.61           209    208     94     5.378     5.366     3.521     0.7737      0.7737      0.7729      0.6004
188     B         A           94           GLY           98.23           209    208     94     5.378     5.366     3.521     0.7558      0.7558      0.7550      0.5788
189     B         A           95           VAL           97.92           209    208     94     5.378     5.366     3.521     0.8311      0.8311      0.8304      0.6833
190     B         A           96           TYR           98.52           209    208     94     5.378     5.366     3.521     0.8635      0.8635      0.8630      0.7346
191     B         A           97           ARG           98.20           209    208     94     5.378     5.366     3.521     0.8343      0.8343      0.8337      0.6888
192     B         A           98           CYS           97.84           209    208     94     5.378     5.366     3.521     0.7961      0.7961      0.7954      0.6340
193     B         A           99           MET           98.04           209    208     94     5.378     5.366     3.521     0.8624      0.8624      0.8619      0.7339
194     B         A          100           ILE           98.41           209    208     94     5.378     5.366     3.521     0.8854      0.8854      0.8850      0.7718
195     B         A          101           SER           98.40           209    208     94     5.378     5.366     3.521     0.8995      0.8995      0.8991      0.7966
196     B         A          102           TYR           97.74           209    208     94     5.378     5.366     3.521     0.8928      0.8928      0.8923      0.7847
197     B         A          103           GLY           96.09           209    208     94     5.378     5.366     3.521     0.8389      0.8389      0.8383      0.6970
198     B         A          104           GLY           96.95           209    208     94     5.378     5.366     3.521     0.8357      0.8357      0.8351      0.6922
199     B         A          105           ALA           97.69           209    208     94     5.378     5.366     3.521     0.8741      0.8741      0.8736      0.7532
200     B         A          106           ASP           97.68           209    208     94     5.378     5.366     3.521     0.8812      0.8812      0.8807      0.7652
201     B         A          107           TYR           97.59           209    208     94     5.378     5.366     3.521     0.8750      0.8750      0.8745      0.7546
202     B         A          108           LYS           97.74           209    208     94     5.378     5.366     3.521     0.8553      0.8553      0.8547      0.7224
203     B         A          109           ARG           97.68           209    208     94     5.378     5.366     3.521     0.8265      0.8265      0.8258      0.6775
204     B         A          110           ILE           98.51           209    208     94     5.378     5.366     3.521     0.8388      0.8388      0.8382      0.6954
205     B         A          111           THR           98.58           209    208     94     5.378     5.366     3.521     0.8222      0.8222      0.8216      0.6702
206     B         A          112           VAL           98.73           209    208     94     5.378     5.366     3.521     0.8203      0.8203      0.8196      0.6663
207     B         A          113           LYS           98.68           209    208     94     5.378     5.366     3.521     0.7675      0.7675      0.7667      0.5919
208     B         A          114           VAL           98.31           209    208     94     5.378     5.366     3.521     0.5855      0.5855      0.5844      0.3821
209     B         A          115           ASN           94.74           209    208     20     5.378     5.366     1.039     0.1879      0.2665      0.2656      0.0134
