i   AlignChn ScoredChain  AlignResNum  AlignResType  AlignRespLDDT      n0chn  n0dom  n0res    d0chn     d0dom     d0res   ipTM_pae  ipSAE_d0chn ipSAE_d0dom    ipSAE 
1       A         B            1           SER           75.49           209    209      3     5.378     5.378     1.039     0.0729      0.2467      0.2467      0.0121
2       A         B            2           GLU           90.06           209    209    114     5.378     5.378     3.936     0.3237      0.3247      0.3247      0.2071
3       A         B            3           GLU           94.21           209    209    115     5.378     5.378     3.956     0.6009      0.6009      0.6009      0.4549
4       A         B            4           LYS           94.08           209    209    115     5.378     5.378     3.956     0.8161      0.8161      0.8161      0.7118
5       A         B            5           LYS           94.01           209    209    115     5.378     5.378     3.956     0.8377      0.8377      0.8377      0.7421
6       A         B            6           LYS           95.67           209    209    115     5.378     5.378     3.956     0.8498      0.8498      0.8498      0.7580
7       A         B            7           LEU           97.30           209    209    115     5.378     5.378     3.956     0.8869      0.8869      0.8869      0.8129
8       A         B            8           ALA           97.14           209    209    115     5.378     5.378     3.956     0.9139      0.9139      0.9139      0.8547
9       A         B            9           LEU           96.50           209    209    115     5.378     5.378     3.956     0.9126      0.9126      0.9126      0.8526
10      A         B           10           GLU           96.69           209    209    115     5.378     5.378     3.956     0.9052      0.9052      0.9052      0.8407
11      A         B           11           ALA           98.07           209    209    115     5.378     5.378     3.956     0.9222      0.9222      0.9222      0.8677
12      A         B           12           ALA           97.69           209    209    115     5.378     5.378     3.956     0.9250      0.9250      0.9250      0.8728
13      A         B           13           ALA           97.84           209    209    115     5.378     5.378     3.956     0.9297      0.9297      0.9297      0.8797
14      A         B           14           LYS           98.16           209    209    115     5.378     5.378     3.956     0.9233      0.9233      0.9233      0.8696
15      A         B           15           LEU           98.57           209    209    115     5.378     5.378     3.956     0.9360      0.9360      0.9360      0.8901
16      A         B           16           SER           98.06           209    209    115     5.378     5.378     3.956     0.9236      0.9236      0.9236      0.8706
17      A         B           17           GLN           97.78           209    209    115     5.378     5.378     3.956     0.9338      0.9338      0.9338      0.8865
18      A         B           18           ALA           98.33           209    209    115     5.378     5.378     3.956     0.9176      0.9176      0.9176      0.8609
19      A         B           19           MET           97.55           209    209    115     5.378     5.378     3.956     0.9095      0.9095      0.9095      0.8486
20      A         B           20           LYS           95.21           209    209    115     5.378     5.378     3.956     0.8924      0.8924      0.8924      0.8227
21      A         B           21           VAL           96.01           209    209    115     5.378     5.378     3.956     0.8784      0.8784      0.8784      0.8020
22      A         B           22           LEU           97.42           209    209    115     5.378     5.378     3.956     0.8820      0.8820      0.8820      0.8071
23      A         B           23           ALA           95.56           209    209    115     5.378     5.378     3.956     0.8220      0.8220      0.8220      0.7238
24      A         B           24           GLU           92.96           209    209    115     5.378     5.378     3.956     0.7257      0.7257      0.7257      0.6023
25      A         B           25           LYS           91.66           209    209    115     5.378     5.378     3.956     0.5298      0.5298      0.5298      0.3947
26      A         B           26           ARG           86.25           209    209    103     5.378     5.378     3.715     0.3906      0.4124      0.4124      0.2630
27      A         B           27           ASP           90.83           209    209    115     5.378     5.378     3.956     0.4466      0.4466      0.4466      0.3152
28      A         B           28           ASP           94.58           209    209    115     5.378     5.378     3.956     0.4668      0.4668      0.4668      0.3306
29      A         B           29           VAL           92.68           209    209    115     5.378     5.378     3.956     0.5488      0.5488      0.5488      0.4059
30      A         B           30           LYS           93.11           209    209    115     5.378     5.378     3.956     0.5560      0.5560      0.5560      0.4130
31      A         B           31           ALA           93.72           209    209    115     5.378     5.378     3.956     0.6196      0.6196      0.6196      0.4801
32      A         B           32           ALA           94.72           209    209    115     5.378     5.378     3.956     0.6655      0.6655      0.6655      0.5278
33      A         B           33           ALA           96.17           209    209    115     5.378     5.378     3.956     0.7688      0.7688      0.7688      0.6505
34      A         B           34           GLU           96.22           209    209    115     5.378     5.378     3.956     0.7498      0.7498      0.7498      0.6272
35      A         B           35           GLU           96.41           209    209    115     5.378     5.378     3.956     0.8428      0.8428      0.8428      0.7490
36      A         B           36           ALA           97.85           209    209    115     5.378     5.378     3.956     0.8508      0.8508      0.8508      0.7606
37      A         B           37           VAL           97.63           209    209    115     5.378     5.378     3.956     0.8622      0.8622      0.8622      0.7768
38      A         B           38           LYS           98.03           209    209    115     5.378     5.378     3.956     0.8473      0.8473      0.8473      0.7555
39      A         B           39           LEU           98.24           209    209    115     5.378     5.378     3.956     0.9020      0.9020      0.9020      0.8358
40      A         B           40           MET           98.48           209    209    115     5.378     5.378     3.956     0.8979      0.8979      0.8979      0.8300
41      A         B           41           LYS           98.19           209    209    115     5.378     5.378     3.956     0.8755      0.8755      0.8755      0.7961
42      A         B           42           GLU           97.88           209    209    115     5.378     5.378     3.956     0.8827      0.8827      0.8827      0.8062
43      A         B           43           ALA           98.34           209    209    115     5.378     5.378     3.956     0.8904      0.8904      0.8904      0.8180
44      A         B           44           ALA           97.96           209    209    115     5.378     5.378     3.956     0.8810      0.8810      0.8810      0.8046
45      A         B           45           LYS           97.91           209    209    115     5.378     5.378     3.956     0.8454      0.8454      0.8454      0.7521
46      A         B           46           LEU           97.97           209    209    115     5.378     5.378     3.956     0.8893      0.8893      0.8893      0.8159
47      A         B           47           ALA           97.69           209    209    115     5.378     5.378     3.956     0.8551      0.8551      0.8551      0.7660
48      A         B           48           ALA           97.68           209    209    115     5.378     5.378     3.956     0.8326      0.8326      0.8326      0.7346
49      A         B           49           LYS           96.69           209    209    115     5.378     5.378     3.956     0.7777      0.7777      0.7777      0.6593
50      A         B           50           ALA           95.59           209    209    115     5.378     5.378     3.956     0.7544      0.7544      0.7544      0.6290
51      A         B           51           ASP           94.23           209    209    115     5.378     5.378     3.956     0.6600      0.6600      0.6600      0.5184
52      A         B           52           GLU           95.37           209    209    115     5.378     5.378     3.956     0.6555      0.6555      0.6555      0.5136
53      A         B           53           GLU           91.32           209    209    115     5.378     5.378     3.956     0.7063      0.7063      0.7063      0.5743
54      A         B           54           LEU           94.80           209    209    115     5.378     5.378     3.956     0.7930      0.7930      0.7930      0.6797
55      A         B           55           LYS           96.37           209    209    115     5.378     5.378     3.956     0.7990      0.7990      0.7990      0.6879
56      A         B           56           LYS           95.73           209    209    115     5.378     5.378     3.956     0.7469      0.7469      0.7469      0.6216
57      A         B           57           LYS           94.58           209    209    115     5.378     5.378     3.956     0.7958      0.7958      0.7958      0.6851
58      A         B           58           VAL           98.04           209    209    115     5.378     5.378     3.956     0.8662      0.8662      0.8662      0.7819
59      A         B           59           GLU           97.83           209    209    115     5.378     5.378     3.956     0.8357      0.8357      0.8357      0.7385
60      A         B           60           GLU           97.15           209    209    115     5.378     5.378     3.956     0.7986      0.7986      0.7986      0.6886
61      A         B           61           ALA           98.18           209    209    115     5.378     5.378     3.956     0.8576      0.8576      0.8576      0.7695
62      A         B           62           LEU           97.86           209    209    115     5.378     5.378     3.956     0.8783      0.8783      0.8783      0.7996
63      A         B           63           LYS           97.60           209    209    115     5.378     5.378     3.956     0.8245      0.8245      0.8245      0.7230
64      A         B           64           GLU           97.79           209    209    115     5.378     5.378     3.956     0.8404      0.8404      0.8404      0.7455
65      A         B           65           VAL           97.69           209    209    115     5.378     5.378     3.956     0.8559      0.8559      0.8559      0.7669
66      A         B           66           GLU           95.62           209    209    115     5.378     5.378     3.956     0.8139      0.8139      0.8139      0.7089
67      A         B           67           LYS           96.03           209    209    115     5.378     5.378     3.956     0.6760      0.6760      0.6760      0.5391
68      A         B           68           ASN           96.60           209    209    115     5.378     5.378     3.956     0.7492      0.7492      0.7492      0.6249
69      A         B           69           ARG           92.66           209    209    115     5.378     5.378     3.956     0.5843      0.5843      0.5843      0.4400
70      A         B           70           ASP           93.59           209    209    115     5.378     5.378     3.956     0.5203      0.5203      0.5203      0.3783
71      A         B           71           ASP           95.19           209    209    115     5.378     5.378     3.956     0.7922      0.7922      0.7922      0.6800
72      A         B           72           ALA           93.15           209    209    115     5.378     5.378     3.956     0.8133      0.8133      0.8133      0.7090
73      A         B           73           GLU           93.77           209    209    115     5.378     5.378     3.956     0.8242      0.8242      0.8242      0.7230
74      A         B           74           LYS           96.63           209    209    115     5.378     5.378     3.956     0.8444      0.8444      0.8444      0.7514
75      A         B           75           MET           97.61           209    209    115     5.378     5.378     3.956     0.8944      0.8944      0.8944      0.8247
76      A         B           76           MET           96.96           209    209    115     5.378     5.378     3.956     0.9023      0.9023      0.9023      0.8364
77      A         B           77           GLU           95.83           209    209    115     5.378     5.378     3.956     0.8850      0.8850      0.8850      0.8102
78      A         B           78           ILE           97.95           209    209    115     5.378     5.378     3.956     0.9090      0.9090      0.9090      0.8470
79      A         B           79           VAL           98.08           209    209    115     5.378     5.378     3.956     0.9291      0.9291      0.9291      0.8787
80      A         B           80           ALA           96.93           209    209    115     5.378     5.378     3.956     0.9217      0.9217      0.9217      0.8665
81      A         B           81           LYS           96.36           209    209    115     5.378     5.378     3.956     0.9110      0.9110      0.9110      0.8500
82      A         B           82           ALA           98.00           209    209    115     5.378     5.378     3.956     0.9218      0.9218      0.9218      0.8672
83      A         B           83           ILE           98.00           209    209    115     5.378     5.378     3.956     0.9392      0.9392      0.9392      0.8950
84      A         B           84           VAL           95.57           209    209    115     5.378     5.378     3.956     0.9169      0.9169      0.9169      0.8592
85      A         B           85           ASP           96.04           209    209    115     5.378     5.378     3.956     0.9159      0.9159      0.9159      0.8576
86      A         B           86           VAL           97.05           209    209    115     5.378     5.378     3.956     0.9162      0.9162      0.9162      0.8579
87      A         B           87           MET           95.31           209    209    115     5.378     5.378     3.956     0.9009      0.9009      0.9009      0.8337
88      A         B           88           LYS           93.70           209    209    115     5.378     5.378     3.956     0.9087      0.9087      0.9087      0.8462
89      A         B           89           TYR           95.94           209    209    115     5.378     5.378     3.956     0.9068      0.9068      0.9068      0.8430
90      A         B           90           ILE           94.09           209    209    115     5.378     5.378     3.956     0.8862      0.8862      0.8862      0.8114
91      A         B           91           SER           92.28           209    209    115     5.378     5.378     3.956     0.7986      0.7986      0.7986      0.6877
92      A         B           92           LYS           90.94           209    209    115     5.378     5.378     3.956     0.7774      0.7774      0.7774      0.6612
93      A         B           93           LEU           90.29           209    209    115     5.378     5.378     3.956     0.6099      0.6099      0.6099      0.4687
94      A         B           94           ASP           79.74           209    209     21     5.378     5.378     1.039     0.1664      0.3051      0.3051      0.0165
95      B         A            1           ASN           49.07           209    209      1     5.378     5.378     1.039     0.0769      0.2620      0.2620      0.0131
96      B         A            2           ALA           75.55           209    209     11     5.378     5.378     1.039     0.1581      0.2882      0.2882      0.0151
97      B         A            3           PHE           95.80           209    209     94     5.378     5.378     3.521     0.7799      0.7799      0.7799      0.6114
98      B         A            4           THR           96.11           209    209     94     5.378     5.378     3.521     0.8219      0.8219      0.8219      0.6712
99      B         A            5           VAL           97.81           209    209     94     5.378     5.378     3.521     0.8970      0.8970      0.8970      0.7924
100     B         A            6           THR           97.75           209    209     94     5.378     5.378     3.521     0.8826      0.8826      0.8826      0.7669
101     B         A            7           VAL           97.93           209    209     94     5.378     5.378     3.521     0.8424      0.8424      0.8424      0.7012
102     B         A            8           PRO           95.99           209    209     94     5.378     5.378     3.521     0.7976      0.7976      0.7976      0.6326
103     B         A            9           LYS           94.06           209    209     94     5.378     5.378     3.521     0.6335      0.6335      0.6335      0.4334
104     B         A           10           ASP           95.33           209    209     94     5.378     5.378     3.521     0.5686      0.5686      0.5686      0.3699
105     B         A           11           LEU           98.28           209    209     94     5.378     5.378     3.521     0.7760      0.7760      0.7760      0.6044
106     B         A           12           TYR           98.17           209    209     94     5.378     5.378     3.521     0.8233      0.8233      0.8233      0.6715
107     B         A           13           VAL           97.94           209    209     94     5.378     5.378     3.521     0.7726      0.7726      0.7726      0.5995
108     B         A           14           VAL           96.45           209    209     94     5.378     5.378     3.521     0.6882      0.6882      0.6882      0.4931
109     B         A           15           GLU           97.55           209    209     94     5.378     5.378     3.521     0.6713      0.6713      0.6713      0.4719
110     B         A           16           TYR           97.76           209    209     94     5.378     5.378     3.521     0.7365      0.7365      0.7365      0.5496
111     B         A           17           GLY           97.98           209    209     94     5.378     5.378     3.521     0.6680      0.6680      0.6680      0.4677
112     B         A           18           SER           97.35           209    209     94     5.378     5.378     3.521     0.6728      0.6728      0.6728      0.4721
113     B         A           19           ASN           97.55           209    209     94     5.378     5.378     3.521     0.7414      0.7414      0.7414      0.5561
114     B         A           20           MET           95.27           209    209     94     5.378     5.378     3.521     0.6916      0.6916      0.6916      0.4958
115     B         A           21           THR           97.77           209    209     94     5.378     5.378     3.521     0.7860      0.7860      0.7860      0.6167
116     B         A           22           ILE           95.13           209    209     94     5.378     5.378     3.521     0.5562      0.5562      0.5562      0.3597
117     B         A           23           GLU           97.30           209    209     94     5.378     5.378     3.521     0.8157      0.8157      0.8157      0.6611
118     B         A           24           CYS           96.68           209    209     94     5.378     5.378     3.521     0.8445      0.8445      0.8445      0.7043
119     B         A           25           LYS           97.85           209    209     94     5.378     5.378     3.521     0.8872      0.8872      0.8872      0.7746
120     B         A           26           PHE           98.15           209    209     94     5.378     5.378     3.521     0.9088      0.9088      0.9088      0.8128
121     B         A           27           PRO           95.44           209    209     94     5.378     5.378     3.521     0.8278      0.8278      0.8278      0.6786
122     B         A           28           VAL           93.97           209    209     94     5.378     5.378     3.521     0.6172      0.6172      0.6172      0.4162
123     B         A           29           GLU           80.13           209    209     80     5.378     5.378     3.186     0.3138      0.3318      0.3318      0.1512
124     B         A           30           LYS           80.94           209    209     36     5.378     5.378     1.621     0.2232      0.2903      0.2903      0.0366
125     B         A           31           GLN           88.42           209    209     94     5.378     5.378     3.521     0.5034      0.5034      0.5034      0.3129
126     B         A           32           LEU           94.05           209    209     94     5.378     5.378     3.521     0.8240      0.8240      0.8240      0.6749
127     B         A           33           ASP           93.54           209    209     94     5.378     5.378     3.521     0.8899      0.8899      0.8899      0.7806
128     B         A           34           LEU           93.58           209    209     94     5.378     5.378     3.521     0.8999      0.8999      0.8999      0.7979
129     B         A           35           ALA           92.12           209    209     94     5.378     5.378     3.521     0.9099      0.9099      0.9099      0.8164
130     B         A           36           ALA           94.42           209    209     94     5.378     5.378     3.521     0.9078      0.9078      0.9078      0.8121
131     B         A           37           LEU           97.36           209    209     94     5.378     5.378     3.521     0.9461      0.9461      0.9461      0.8844
132     B         A           38           ILE           97.39           209    209     94     5.378     5.378     3.521     0.9483      0.9483      0.9483      0.8889
133     B         A           39           VAL           98.03           209    209     94     5.378     5.378     3.521     0.9453      0.9453      0.9453      0.8827
134     B         A           40           TYR           96.35           209    209     94     5.378     5.378     3.521     0.9152      0.9152      0.9152      0.8252
135     B         A           41           TRP           98.11           209    209     94     5.378     5.378     3.521     0.9275      0.9275      0.9275      0.8480
136     B         A           42           GLU           95.59           209    209     94     5.378     5.378     3.521     0.8538      0.8538      0.8538      0.7194
137     B         A           43           MET           95.16           209    209     94     5.378     5.378     3.521     0.7334      0.7334      0.7334      0.5494
138     B         A           44           GLU           88.37           209    209     91     5.378     5.378     3.452     0.4052      0.4114      0.4114      0.2348
139     B         A           45           ASP           87.27           209    209     94     5.378     5.378     3.521     0.4641      0.4641      0.4641      0.2821
140     B         A           46           LYS           95.71           209    209     94     5.378     5.378     3.521     0.7589      0.7589      0.7589      0.5828
141     B         A           47           ASN           94.43           209    209     94     5.378     5.378     3.521     0.8084      0.8084      0.8084      0.6508
142     B         A           48           ILE           97.89           209    209     94     5.378     5.378     3.521     0.8929      0.8929      0.8929      0.7848
143     B         A           49           ILE           97.32           209    209     94     5.378     5.378     3.521     0.9078      0.9078      0.9078      0.8111
144     B         A           50           GLN           96.44           209    209     94     5.378     5.378     3.521     0.9120      0.9120      0.9120      0.8190
145     B         A           51           PHE           97.15           209    209     94     5.378     5.378     3.521     0.9163      0.9163      0.9163      0.8268
146     B         A           52           VAL           93.37           209    209     94     5.378     5.378     3.521     0.8395      0.8395      0.8395      0.6982
147     B         A           53           HIS           85.52           209    209     94     5.378     5.378     3.521     0.7656      0.7656      0.7656      0.5927
148     B         A           54           GLY           91.23           209    209     94     5.378     5.378     3.521     0.7816      0.7816      0.7816      0.6133
149     B         A           55           GLU           91.47           209    209     94     5.378     5.378     3.521     0.7082      0.7082      0.7082      0.5202
150     B         A           56           GLU           92.74           209    209     94     5.378     5.378     3.521     0.7913      0.7913      0.7913      0.6253
151     B         A           57           ASP           91.66           209    209     94     5.378     5.378     3.521     0.7751      0.7751      0.7751      0.6028
152     B         A           58           LEU           90.48           209    209     94     5.378     5.378     3.521     0.7233      0.7233      0.7233      0.5358
153     B         A           59           LYS           93.06           209    209     94     5.378     5.378     3.521     0.6979      0.6979      0.6979      0.5046
154     B         A           60           VAL           92.12           209    209     94     5.378     5.378     3.521     0.7328      0.7328      0.7328      0.5472
155     B         A           61           GLN           96.69           209    209     94     5.378     5.378     3.521     0.8450      0.8450      0.8450      0.7043
156     B         A           62           HIS           97.23           209    209     94     5.378     5.378     3.521     0.8643      0.8643      0.8643      0.7357
157     B         A           63           SER           95.67           209    209     94     5.378     5.378     3.521     0.7972      0.7972      0.7972      0.6330
158     B         A           64           SER           94.77           209    209     94     5.378     5.378     3.521     0.7422      0.7422      0.7422      0.5587
159     B         A           65           TYR           96.93           209    209     94     5.378     5.378     3.521     0.8221      0.8221      0.8221      0.6689
160     B         A           66           ARG           94.49           209    209     94     5.378     5.378     3.521     0.6832      0.6832      0.6832      0.4884
161     B         A           67           GLN           94.63           209    209     94     5.378     5.378     3.521     0.6038      0.6038      0.6038      0.4011
162     B         A           68           ARG           96.06           209    209     94     5.378     5.378     3.521     0.7008      0.7008      0.7008      0.5067
163     B         A           69           ALA           97.32           209    209     94     5.378     5.378     3.521     0.8249      0.8249      0.8249      0.6728
164     B         A           70           ARG           95.00           209    209     94     5.378     5.378     3.521     0.7249      0.7249      0.7249      0.5368
165     B         A           71           LEU           97.64           209    209     94     5.378     5.378     3.521     0.8688      0.8688      0.8688      0.7427
166     B         A           72           LEU           97.68           209    209     94     5.378     5.378     3.521     0.8463      0.8463      0.8463      0.7059
167     B         A           73           LYS           92.76           209    209     94     5.378     5.378     3.521     0.6659      0.6659      0.6659      0.4665
168     B         A           74           ASP           93.47           209    209     94     5.378     5.378     3.521     0.6225      0.6225      0.6225      0.4201
169     B         A           75           GLN           95.87           209    209     94     5.378     5.378     3.521     0.8127      0.8127      0.8127      0.6548
170     B         A           76           LEU           96.84           209    209     94     5.378     5.378     3.521     0.8735      0.8735      0.8735      0.7507
171     B         A           77           SER           94.24           209    209     94     5.378     5.378     3.521     0.7841      0.7841      0.7841      0.6140
172     B         A           78           LEU           95.11           209    209     94     5.378     5.378     3.521     0.7756      0.7756      0.7756      0.6018
173     B         A           79           GLY           97.55           209    209     94     5.378     5.378     3.521     0.8215      0.8215      0.8215      0.6679
174     B         A           80           ASN           97.55           209    209     94     5.378     5.378     3.521     0.8848      0.8848      0.8848      0.7701
175     B         A           81           ALA           97.82           209    209     94     5.378     5.378     3.521     0.8902      0.8902      0.8902      0.7797
176     B         A           82           ALA           98.17           209    209     94     5.378     5.378     3.521     0.8643      0.8643      0.8643      0.7353
177     B         A           83           LEU           98.46           209    209     94     5.378     5.378     3.521     0.8941      0.8941      0.8941      0.7862
178     B         A           84           GLN           98.02           209    209     94     5.378     5.378     3.521     0.8763      0.8763      0.8763      0.7552
179     B         A           85           ILE           98.09           209    209     94     5.378     5.378     3.521     0.8679      0.8679      0.8679      0.7413
180     B         A           86           THR           97.64           209    209     94     5.378     5.378     3.521     0.8237      0.8237      0.8237      0.6706
181     B         A           87           ASP           96.81           209    209     94     5.378     5.378     3.521     0.7357      0.7357      0.7357      0.5482
182     B         A           88           VAL           97.90           209    209     94     5.378     5.378     3.521     0.7827      0.7827      0.7827      0.6116
183     B         A           89           LYS           96.24           209    209     94     5.378     5.378     3.521     0.7511      0.7511      0.7511      0.5690
184     B         A           90           LEU           97.09           209    209     94     5.378     5.378     3.521     0.7361      0.7361      0.7361      0.5528
185     B         A           91           GLN           94.03           209    209     94     5.378     5.378     3.521     0.7625      0.7625      0.7625      0.5873
186     B         A           92           ASP           97.75           209    209     94     5.378     5.378     3.521     0.8107      0.8107      0.8107      0.6533
187     B         A           93           ALA           97.70           209    209     94     5.378     5.378     3.521     0.7916      0.7916      0.7916      0.6272
188     B         A           94           GLY           97.49           209    209     94     5.378     5.378     3.521     0.7795      0.7795      0.7795      0.6153
189     B         A           95           VAL           96.26           209    209     94     5.378     5.378     3.521     0.8715      0.8715      0.8715      0.7486
190     B         A           96           TYR           98.24           209    209     94     5.378     5.378     3.521     0.9006      0.9006      0.9006      0.7989
191     B         A           97           ARG           96.54           209    209     94     5.378     5.378     3.521     0.8631      0.8631      0.8631      0.7353
192     B         A           98           CYS           96.14           209    209     94     5.378     5.378     3.521     0.8910      0.8910      0.8910      0.7825
193     B         A           99           MET           96.99           209    209     94     5.378     5.378     3.521     0.9236      0.9236      0.9236      0.8408
194     B         A          100           ILE           97.95           209    209     94     5.378     5.378     3.521     0.9518      0.9518      0.9518      0.8960
195     B         A          101           SER           97.68           209    209     94     5.378     5.378     3.521     0.9430      0.9430      0.9430      0.8786
196     B         A          102           TYR           97.09           209    209     94     5.378     5.378     3.521     0.9252      0.9252      0.9252      0.8443
197     B         A          103           GLY           95.03           209    209     94     5.378     5.378     3.521     0.8649      0.8649      0.8649      0.7408
198     B         A          104           GLY           97.48           209    209     94     5.378     5.378     3.521     0.9118      0.9118      0.9118      0.8203
199     B         A          105           ALA           97.32           209    209     94     5.378     5.378     3.521     0.9371      0.9371      0.9371      0.8672
200     B         A          106           ASP           97.71           209    209     94     5.378     5.378     3.521     0.9398      0.9398      0.9398      0.8724
201     B         A          107           TYR           97.20           209    209     94     5.378     5.378     3.521     0.9272      0.9272      0.9272      0.8481
202     B         A          108           LYS           97.53           209    209     94     5.378     5.378     3.521     0.9076      0.9076      0.9076      0.8116
203     B         A          109           ARG           96.04           209    209     94     5.378     5.378     3.521     0.8654      0.8654      0.8654      0.7400
204     B         A          110           ILE           97.95           209    209     94     5.378     5.378     3.521     0.8833      0.8833      0.8833      0.7691
205     B         A          111           THR           97.99           209    209     94     5.378     5.378     3.521     0.8618      0.8618      0.8618      0.7331
206     B         A          112           VAL           98.28           209    209     94     5.378     5.378     3.521     0.8651      0.8651      0.8651      0.7379
207     B         A          113           LYS           98.08           209    209     94     5.378     5.378     3.521     0.8098      0.8098      0.8098      0.6525
208     B         A          114           VAL           97.80           209    209     94     5.378     5.378     3.521     0.6719      0.6719      0.6719      0.4767
209     B         A          115           ASN           92.35           209    209     94     5.378     5.378     3.521     0.3718      0.3718      0.3718      0.2061
